50 56 32 9 19 3 37 1 41 27 67 49 44 42 88 63 22 59 87 52 68 69 65 74 38 46 15 72 51 62 24 39 26 21 43 90 89 7 80 8 57 12 70 20 99 17 85 29 48 30 2 84 55 94 73 60 76 75 34 25 91 93 79 4 58 83 97 81 78 10 47 6 28 71 96 36 45 54 5 77 64 82 23 100 61 33 86 92 95 16 53 14 31 35 13 11 66 40 18 98
60 85 30 33 25 65 34 6 18 19 57 27 15 86 21 36 66 62 52 87 99 48 2 29 95 75 98 97 82 70 69 78 26 41 67 72 11 55 63 39 16 76 61 81 46 5 40 58 38 80 88 4 91 100 47 56 1 49 24 22 7 74 9 17 64 68 71 10 23 50 3 35 12 59 44 32 93 84 13 79 31 90 42 45 8 54 77 83 28 89 37 14 73 43 94 92 96 53 20 51
91 75 82 73 60 32 17 27 97 19 48 93 3 94 61 69 53 43 99 83 76 100 81 49 67 28 77 9 38 87 22 33 86 78 52 36 90 23 56 54 26 88 46 31 2 30 71 16 89 12 85 50 18 57 15 80 98 68 59 55 62 20 79 39 40 24 47 65 70 66 44 6 35 10 21 13 96 42 84 25 63 72 29 95 37 45 58 92 5 51 34 41 74 4 1 11 14 7 64 8
95 49 75 52 53 70 82 15 80 14 4 32 89 33 31 92 93 3 34 44 6 9 78 77 41 48 65 21 71 90 2 27 47 11 24 76 66 83 67 17 13 39 97 18 19 25 30 68 62 63 85 1 91 50 45 43 42 58 12 72 59 36 29 81 54 61 86 20 51 64 94 8 100 74 10 84 87 99 35 22 7 46 5 28 88 56 55 73 23 37 79 69 57 16 96 40 38 98 60 26
86 73 25 40 47 3 4 21 29 10 64 65 12 91 62 35 98 50 15 9 90 61 30 49 34 19 37 45 89 39 66 57 96 17 74 5 79 6 76 41 26 55 59 46 44 42 13 18 14 48 36 7 22 51 28 80 87 2 84 58 93 23 16 99 100 88 27 32 77 38 52 68 67 78 24 81 33 60 43 72 94 20 31 53 70 85 82 8 92 83 54 71 56 11 97 95 75 1 63 69
85 61 11 90 30 1 96 24 40 57 59 15 17 43 66 99 32 5 78 54 92 19 91 26 83 80 50 53 97 86 84 16 7 62 89 77 47 29 100 39 34 27 31 72 45 33 56 2 79 25 18 20 14 4 46 87 68 69 60 10 74 58 95 6 52 75 73 98 41 3 28 44 88 23 76 63 35 12 93 65 81 37 42 49 36 22 9 82 21 48 38 71 51 94 8 13 55 64 67 70
3 16 35 28 54 40 1 39 87 95 12 100 38 9 97 30 25 11 89 24 6 29 94 42 53 93 49 32 83 61 80 5 63 48 74 44 31 64 78 85 99 26 65 90 56 75 70 66 10 7 98 17 19 46 27 22 45 69 51 82 8 34 18 60 79 72 71 77 96 41 33 55 20 67 37 15 86 43 84 47 57 62 52 59 36 58 76 50 73 92 13 81 91 4 68 2 21 14 23 88
37 36 10 6 52 100 2 98 1 74 49 78 63 93 17 4 54 96 75 65 62 35 53 64 70 67 15 13 39 38 32 48 57 26 19 29 14 58 40 76 42 71 60 41 47 46 61 91 92 90 43 56 69 25 80 99 89 88 16 55 95 28 11 20 9 45 50 30 5 7 12 8 94 22 66 34 81 85 44 86 82 97 23 33 51 31 79 21 83 72 24 3 18 87 68 27 73 59 84 77
29 55 81 97 3 34 98 23 50 75 96 43 19 74 71 76 4 40 32 24 58 57 95 5 7 9 36 47 94 22 46 21 2 27 31 33 48 11 85 28 44 35 78 62 59 66 79 72 99 17 16 63 8 73 82 86 18 64 39 52 100 15 70 77 49 61 38 84 25 1 45 10 89 90 80 13 20 67 65 91 54 30 6 37 68 53 83 42 41 12 51 88 14 60 56 87 26 93 69 92
38 9 59 1 31 29 95 80 49 71 22 40 74 62 44 35 75 68 46 52 66 42 100 76 21 37 89 51 5 70 26 97 45 84 11 65 72 87 99 83 91 15 17 64 25 4 12 60 36 58 28 67 27 47 90 43 34 63 23 93 81 7 56 79 6 3 24 10 86 33 85 69 32 39 77 20 8 30 54 50 98 57 48 88 61 53 13 73 18 55 19 94 78 41 16 2 92 14 96 82
